0
1
3
4
5
6
9
10
13
14
17
18
21
22
24
27
9
10
12
13
14
17
18
21
22
24
27
9
10
12
13
14
17
18
21
22
24
27
9
10
12
13
14
17
18
21
22
24
27
9
10
12
13
14
17
18
21
22
24
27
28
29
30
33
34
36
38
40
41
42
44
46
49
2
3
4
5
6
9
10
13
14
16
17
18
21
22
24
27
9
10
12
13
14
16
17
18
21
22
24
27
9
10
12
13
14
16
17
18
21
22
24
27
28
29
31
32
34
36
38
40
83
84
85
86
87
88
90
92
93
95
96
97
0
1
3
4
5
7
8
9
10
13
14
17
18
21
22
24
27
9
10
12
13
14
17
18
21
22
24
27
9
10
12
13
14
17
18
21
22
24
27
28
29
31
32
34
36
38
40
83
84
85
86
87
88
90
92
93
95
96
97
0
1
3
4
6
9
10
13
14
16
17
18
21
22
24
27
9
10
12
13
14
16
17
18
21
22
24
27
28
29
31
32
34
36
38
40
41
42
44
46
49
4
5
6
9
10
13
14
16
17
18
21
22
24
27
9
10
12
13
14
16
17
18
21
22
24
27
9
10
12
13
14
16
17
18
21
22
24
27
9
10
12
13
14
16
17
18
21
22
24
27
9
10
12
13
14
16
17
18
21
22
24
27
28
29
31
32
34
36
38
40
41
42
44
46
49
4
5
6
9
10
13
14
16
17
18
21
22
24
27
9
10
12
13
14
16
17
18
21
22
24
27
9
10
12
13
14
16
17
18
21
22
24
27
9
10
12
13
14
16
17
18
21
22
24
27
28
29
31
32
34
36
38
40
41
42
44
46
49
4
5
6
9
10
13
14
16
17
18
21
22
24
27
9
10
12
13
14
16
17
18
21
22
24
27
9
10
12
13
14
16
17
18
21
22
24
27
28
29
31
32
34
36
38
40
41
42
44
46
49
4
5
6
9
10
13
14
16
17
18
21
22
24
27
9
10
12
13
14
16
17
18
21
22
24
27
9
10
12
13
14
16
17
18
21
22
24
27
9
10
12
13
14
16
17
18
21
22
24
27
9
10
12
13
14
16
17
18
21
22
24
27
28
29
31
32
34
36
38
40
83
84
85
86
87
88
90
92
93
95
96
97
0
1
3
4
5
7
8
9
10
13
14
17
18
21
22
24
27
9
10
12
13
14
17
18
21
22
24
27
9
10
12
13
14
17
18
21
22
24
27
28
29
31
32
34
36
38
40
83
84
85
86
87
88
90
92
93
95
96
97
0
1
3
4
6
9
10
13
14
16
17
18
21
22
24
27
9
10
12
13
14
16
17
18
21
22
24
27
28
29
31
32
34
36
38
40
83
84
85
86
87
88
90
92
93
95
96
97
0
1
3
4
5
7
8
9
10
13
14
17
18
21
22
24
27
28
29
31
32
34
36
38
40
83
84
85
86
87
88
90
92
93
95
96
97
0
1
3
4
6
9
10
13
14
16
17
18
21
22
24
27
9
10
12
13
14
16
17
18
21
22
24
27
28
29
31
32
34
36
38
40
83
84
85
86
87
88
90
92
93
95
96
97
0
1
3
4
5
7
8
9
10
13
14
17
18
21
22
24
27
9
10
12
13
14
17
18
21
22
24
27
9
10
12
13
14
17
18
21
22
24
27
28
29
31
32
34
36
38
40
83
84
85
86
87
88
90
92
93
95
96
97
0
1
3
4
6
9
10
13
14
16
17
18
21
22
24
27
9
10
12
13
14
16
17
18
21
22
24
27
9
10
12
13
14
16
17
18
21
22
24
27
9
10
12
13
14
16
17
18
21
22
24
27
28
29
31
32
34
36
38
40
41
42
44
46
49
10
13
14
16
17
18
21
22
24
27
10
12
13
14
16
17
18
21
22
24
27
10
12
13
14
16
17
18
21
22
24
27
28
29
31
32
34
36
38
40
83
84
85
86
87
88
90
92
93
95
96
97
0
1
3
4
5
7
8
9
10
13
14
17
18
21
22
24
27
9
10
12
13
14
17
18
21
22
24
27
28
29
31
32
34
36
38
40
83
84
85
86
87
88
90
92
93
95
96
97
0
1
3
4
6
9
10
13
14
16
17
18
21
22
24
27
9
10
12
13
14
16
17
18
21
22
24
27
28
29
31
32
34
36
38
40
83
84
85
86
87
88
90
92
93
95
96
97
0
1
3
4
5
7
8
9
10
13
14
17
18
21
22
24
27
9
10
12
13
14
17
18
21
22
24
27
9
10
12
13
14
17
18
21
22
24
27
9
10
12
13
14
17
18
21
22
24
27
28
29
31
32
34
36
38
40
83
84
85
86
87
88
90
92
93
95
96
97
0
1
3
4
6
9
10
13
14
16
17
18
21
22
24
27
9
10
12
13
14
16
17
18
21
22
24
27
9
10
12
13
14
16
17
18
21
22
24
27
9
10
12
13
14
16
17
18
21
22
24
27
28
29
31
32
34
36
38
40
41
42
44
46
49
14
16
17
18
21
22
24
27
14
16
17
18
21
22
24
27
14
16
17
18
21
22
24
27
14
16
17
18
21
22
24
27
14
16
17
18
21
22
24
27
14
16
17
18
21
22
24
27
14
16
17
18
21
22
24
27
14
16
17
18
21
22
24
27
14
16
17
18
21
22
24
27
14
16
17
18
21
22
24
27
14
16
17
18
21
22
24
27
14
16
17
18
21
22
24
27
14
16
17
18
21
22
24
27
14
16
17
18
21
22
24
27
14
16
17
18
21
22
24
27
14
16
17
18
21
22
24
27
14
16
17
18
21
22
24
27
14
16
17
18
21
22
24
27
14
16
17
18
21
22
24
27
14
16
17
18
21
22
24
27
14
16
17
18
21
22
24
27
14
16
17
18
21
22
24
27
14
16
17
18
21
22
24
27
14
16
17
18
21
22
24
27
14
16
17
18
21
22
24
27
14
16
17
18
21
22
24
27
14
16
17
18
21
22
24
27
14
16
17
18
21
22
24
27
14
16
17
18
21
22
24
27
14
16
17
18
21
22
24
27
14
16
17
18
21
22
24
27
14
16
17
18
21
22
24
27
14
16
17
18
21
22
24
27
14
16
17
18
21
22
24
27
14
16
17
18
21
22
24
27
14
16
17
18
21
22
24
27
14
16
17
18
21
22
24
27
14
16
17
18
21
22
24
27
14
16
17
18
21
22
24
27
14
16
17
18
21
22
24
27
14
16
17
18
21
22
24
27
14
16
17
18
21
22
24
27
14
16
17
18
21
22
24
27
14
16
17
18
21
22
24
27
14
16
17
18
21
22
24
27
14
16
17
18
21
22
24
27
14
16
17
18
21
22
24
27
14
16
17
18
21
22
24
27
14
16
17
18
21
22
24
27
14
16
17
18
21
22
24
27
14
16
