0
1
3
4
5
6
10
13
14
17
20
21
23
26
6
10
12
13
14
17
20
21
23
26
27
28
29
32
33
35
36
37
39
40
41
42
43
45
48
2
3
5
6
10
13
14
16
17
20
21
23
26
6
10
12
13
14
16
17
20
21
23
26
6
10
12
13
14
16
17
20
21
23
26
27
28
30
31
33
35
36
37
39
40
41
42
43
45
48
2
3
5
6
10
13
14
16
17
20
21
23
26
6
10
12
13
14
16
17
20
21
23
26
27
28
30
31
33
35
36
37
39
81
82
83
84
85
86
87
88
89
90
91
94
95
0
1
3
5
7
8
9
10
13
14
17
20
21
23
26
86
87
88
89
90
91
93
94
95
0
1
3
5
6
10
13
14
16
17
20
21
23
26
6
10
12
13
14
16
17
20
21
23
26
6
10
12
13
14
16
17
20
21
23
26
6
10
12
13
14
16
17
20
21
23
26
27
28
30
31
33
35
36
37
39
81
82
83
84
85
86
87
88
89
90
91
94
95
0
1
3
5
7
8
9
10
13
14
17
20
21
23
26
86
87
88
89
90
91
93
94
95
0
1
3
5
6
10
13
14
16
17
20
21
23
26
6
10
12
13
14
16
17
20
21
23
26
27
28
30
31
33
35
36
37
39
81
82
83
84
85
86
87
88
89
90
91
94
95
0
1
3
5
7
8
9
10
13
14
17
20
21
23
26
86
87
88
89
90
91
93
94
95
0
1
3
5
6
10
13
14
16
17
20
21
23
26
6
10
12
13
14
16
17
20
21
23
26
6
10
12
13
14
16
17
20
21
23
26
27
28
30
31
33
35
36
37
39
81
82
83
84
85
86
87
88
89
90
91
94
95
0
1
3
5
7
8
9
10
13
14
17
20
21
23
26
86
87
88
89
90
91
93
94
95
0
1
3
5
6
10
13
14
16
17
20
21
23
26
6
10
12
13
14
16
17
20
21
23
26
6
10
12
13
14
16
17
20
21
23
26
6
10
12
13
14
16
17
20
21
23
26
27
28
30
31
33
35
36
37
39
81
82
83
84
85
86
87
88
89
90
91
94
95
0
1
3
5
7
8
9
10
13
14
17
20
21
23
26
86
87
88
89
90
91
93
94
95
0
1
3
5
6
10
13
14
16
17
20
21
23
26
6
10
13
14
16
17
20
21
23
26
6
10
13
14
16
17
20
21
23
26
6
10
13
14
16
17
20
21
23
26
6
10
13
14
16
17
20
21
23
26
6
10
13
14
16
17
20
21
23
26
6
10
13
14
16
17
20
21
23
26
6
10
13
14
16
17
20
21
23
26
6
10
13
14
16
17
20
21
23
26
6
10
13
14
16
17
20
21
23
26
6
10
13
14
16
17
20
21
23
26
6
10
13
14
16
17
20
21
23
26
6
10
13
14
16
17
20
21
23
26
6
10
13
14
16
17
20
21
23
26
6
10
13
14
16
17
20
21
23
26
6
10
13
14
16
17
20
21
23
26
6
10
13
14
16
17
20
21
23
26
6
10
13
14
16
17
20
21
23
26
6
10
13
14
16
17
20
21
23
26
6
10
13
14
16
17
20
21
23
26
6
10
13
14
16
17
20
21
23
26
6
10
13
14
16
17
20
21
23
26
6
10
13
14
16
17
20
21
23
26
6
10
13
14
16
17
20
21
23
26
6
10
13
14
16
17
20
21
23
26
6
10
13
14
16
17
20
21
23
26
6
10
13
14
16
17
20
21
23
26
6
10
13
14
16
17
20
21
23
26
6
10
13
14
16
17
20
21
23
26
6
10
13
14
16
17
20
21
23
26
6
10
13
14
16
17
20
21
23
26
6
10
13
14
16
17
20
21
23
26
6
10
13
14
16
17
20
21
23
26
6
10
13
14
16
17
20
21
23
26
6
10
13
14
16
17
20
21
23
26
6
10
13
14
16
17
20
21
23
26
6
10
13
14
16
17
20
21
23
26
6
10
13
14
16
17
20
21
23
26
6
10
13
14
16
17
20
21
23
26
6
10
13
14
16
17
20
21
23
26
6
10
13
14
16
17
20
21
23
26
6
10
13
14
16
17
20
21
23
26
6
10
13
14
16
17
20
21
23
26
6
10
13
14
16
17
20
21
23
26
6
10
13
14
16
17
20
21
23
26
6
10
13
14
16
17
20
21
23
26
6
10
13
14
16
17
20
21
23
26
6
10
13
14
16
17
20
21
23
26
6
10
13
14
16
17
20
21
23
26
6
10
13
14
16
17
20
21
23
26
6
10
13
14
16
17
20
21
23
26
6
10
13
14
16
17
20
21
23
26
6
10
13
14
16
17
20
21
23
26
6
10
13
14
16
17
20
21
23
26
6
10
13
14
16
17
20
21
23
26
6
10
13
14
16
17
20
21
23
26
6
10
13
14
16
17
20
21
23
26
6
10
13
14
16
17
20
21
23
26
6
10
13
14
16
17
20
21
23
26
6
10
13
14
16
17
20
21
23
26
6
10
13
14
16
17
20
21
23
26
6
10
13
14
16
17
20
21
23
26
6
10
13
14
16
17
20
21
23
26
6
10
13
14
16
17
20
21
23
26
6
10
13
14
16
17
20
21
23
26
6
10
13
14
16
17
20
21
23
26
6
10
13
14
16
17
20
21
23
26
6
10
13
14
16
17
20
21
23
26
6
10
13
14
16
17
20
21
23
26
6
10
13
14
16
17
20
21
23
26
6
10
13
14
16
17
20
21
23
26
6
10
13
14
16
17
20
21
23
26
6
10
13
14
16
17
20
21
23
26
6
10
13
14
16
17
20
21
23
26
6
10
13
14
16
17
20
21
23
26
6
10
13
14
16
17
20
21
23
26
6
10
13
14
16
17
20
21
23
26
6
10
13
14
16
17
20
21
23
26
6
10
13
14
16
17
20
21
23
26
6
10
13
14
16
17
20
21
23
26
6
10
13
14
16
17
20
21
23
26
6
10
13
14
16
17
20
21
23
26
6
10
13
14
16
17
20
21
23
26
6
10
13
14
16
17
20
21
23
26
6
10
13
14
16
17
20
21
23
26
6
10
13
14
16
17
20
21
23
26
6
10
13
14
16
17
20
21
23
26
6
10
13
14
16
17
20
21
23
26
6
10
13
14
16
17
20
21
23
26
6
10
13
14
16
17
20
21
23
26
6
10
13
14
16
17
20
21
23
26
6
10
13
14
16
17
20
21
23
26
6
10
13
14
16
17
20
21
23
26
6
10
13
14
16
17
20
21
23
26
6
10
13
14
16
17
20
21
23
26
6
10
13
14
16
17
20
21
23
26
6
10
13
14
16
17
20
21
23
26
6
10
13
14
16
17
20
21
23
26
6
10
13
14
16
17
20
21
23
26
6
10
13
14
16
17
20
21
23
26
6
10
13
14
16
