0
2
3
5
6
7
8
9
11
12
13
15
17
19
20
21
22
23
24
26
27
29
30
32
34
35
36
37
39
40
42
43
44
45
46
48
50
51
52
9
11
13
15
17
20
21
22
23
24
26
27
29
31
32
34
35
36
37
39
40
42
43
44
45
46
48
50
51
52
23
24
26
27
29
31
32
34
35
36
37
39
40
42
43
44
45
46
48
50
51
52
23
24
26
27
29
31
32
34
35
36
37
39
40
42
43
44
45
46
48
49
50
51
52
53
54
55
57
59
60
61
23
24
27
29
30
32
33
10
11
12
13
14
15
17
19
20
21
22
23
24
26
27
29
30
32
33
10
11
12
13
14
16
17
20
21
22
23
24
27
29
31
32
34
35
36
37
39
40
42
43
44
45
46
48
50
51
52
23
24
26
27
29
31
32
34
35
36
37
39
40
42
43
44
45
46
48
49
50
51
52
23
24
27
29
30
32
33
34
35
36
37
39
40
41
42
43
44
45
46
48
50
51
52
9
11
13
15
17
20
21
22
23
24
26
27
29
31
32
34
35
36
37
39
40
42
43
44
45
46
48
50
51
52
23
24
26
27
29
31
32
34
35
36
37
39
40
42
43
44
45
46
48
49
50
51
52
23
24
27
29
30
32
33
34
35
36
37
39
40
41
42
43
44
45
46
48
50
51
52
9
11
13
15
17
20
21
22
23
24
26
27
29
31
32
34
35
36
37
39
40
42
43
44
45
46
48
49
50
51
52
53
54
55
57
59
60
61
23
24
27
29
30
32
33
10
11
12
13
14
15
17
19
20
21
22
23
24
26
27
29
30
32
33
10
11
12
13
14
16
17
20
21
22
23
24
27
29
31
32
34
35
36
37
39
40
42
43
44
45
46
48
50
51
52
23
24
26
27
29
31
32
34
35
36
37
39
40
42
43
44
45
46
48
50
51
52
23
24
26
27
29
31
32
34
35
36
37
39
40
42
43
44
45
46
48
50
51
52
23
24
26
27
29
31
32
34
35
36
37
39
40
42
43
44
45
46
48
49
50
51
52
53
54
55
57
59
60
61
23
24
27
29
30
32
33
10
11
12
13
14
15
17
19
20
21
22
23
24
26
27
29
30
32
33
10
11
12
13
14
16
17
20
21
22
23
24
27
29
31
32
34
35
36
37
39
40
42
43
44
45
46
48
50
51
52
23
24
26
27
29
31
32
34
35
36
37
39
40
42
43
44
45
46
48
50
51
52
23
24
26
27
29
31
32
34
35
36
37
39
40
42
43
44
45
46
48
49
50
51
52
53
54
55
57
59
60
61
23
24
27
29
30
32
33
10
11
12
13
14
15
17
19
20
21
22
23
24
26
27
29
30
32
33
10
11
12
13
14
16
17
20
21
22
23
24
27
29
31
32
34
35
36
37
39
40
42
43
44
45
46
48
50
51
52
23
24
26
27
29
31
32
34
35
36
37
39
40
42
43
44
45
46
48
49
50
51
52
53
54
55
57
59
60
61
23
24
27
29
30
32
33
10
11
12
13
14
15
17
19
20
21
22
23
24
26
27
29
30
32
33
10
11
12
13
14
16
17
20
21
22
23
24
27
29
31
32
34
35
36
37
39
40
42
43
44
45
46
48
50
51
52
23
24
26
27
29
31
32
34
35
36
37
39
40
42
43
44
45
46
48
50
51
52
23
24
26
27
29
31
32
34
35
36
37
39
40
42
43
44
45
46
48
50
51
52
23
24
26
27
29
31
32
34
35
36
37
39
40
42
43
44
45
46
48
49
50
51
52
23
24
27
29
30
32
33
34
35
36
37
39
40
41
42
43
44
45
46
48
50
51
52
9
11
13
15
17
20
21
22
23
24
26
27
29
31
32
34
35
36
37
39
40
42
43
44
45
46
48
50
51
52
23
24
26
27
29
31
32
34
35
36
37
39
40
42
43
44
45
46
48
49
50
51
52
23
24
27
29
30
32
33
34
35
36
37
39
40
41
42
43
44
45
46
48
50
51
52
9
11
13
15
17
20
21
22
23
24
26
27
29
31
32
34
35
36
37
39
40
42
43
44
45
46
48
49
50
51
52
23
24
27
29
30
32
33
34
35
36
37
39
40
41
42
43
44
45
46
48
49
50
51
52
9
11
12
13
14
16
17
19
20
21
22
23
24
27
29
30
32
33
34
35
36
37
39
40
41
42
43
44
45
46
48
50
51
52
9
11
13
15
17
20
21
22
23
24
26
27
29
31
32
34
35
36
37
39
40
42
43
44
45
46
48
49
50
51
52
23
24
27
29
30
32
33
34
35
36
37
39
40
41
42
43
44
45
46
48
50
51
52
9
11
13
15
17
20
21
22
23
24
26
27
29
31
32
34
35
36
37
39
40
42
43
44
45
46
48
50
51
52
23
24
26
27
29
31
32
34
35
36
37
39
40
42
43
44
45
46
48
49
50
51
52
23
24
27
29
30
32
33
34
35
36
37
39
40
41
42
43
44
45
46
48
50
51
52
9
11
13
15
17
20
21
22
23
24
26
27
29
31
32
34
35
36
37
39
40
42
43
44
45
46
48
50
51
52
23
24
26
27
29
31
32
34
35
36
37
39
40
42
43
44
45
46
48
50
51
52
23
24
26
27
29
31
32
34
35
36
37
39
40
42
43
44
45
46
48
49
50
51
52
53
54
55
57
59
60
61
23
24
27
29
30
32
33
10
11
12
13
14
15
17
19
20
21
22
23
24
26
27
29
30
32
33
10
11
12
13
14
16
17
20
21
22
23
24
27
29
31
32
34
35
36
37
39
40
42
43
44
45
46
48
50
51
52
23
24
26
27
29
31
32
34
35
36
37
39
40
42
43
44
45
46
48
49
50
51
52
23
24
27
29
30
32
33
34
35
36
37
39
40
41
42
43
44
45
46
48
50
51
52
9
11
13
15
17
20
21
22
23
24
26
27
29
31
32
34
35
36
37
39
40
42
43
44
45
46
48
49
50
51
52
23
24
27
29
30
32
33
34
35
36
37
39
40
41
42
43
44
45
46
48
50
51
52
9
11
13
15
17
20
21
22
23
24
26
27
29
31
32
34
35
36
37
39
40
42
43
44
45
46
48
49
50
51
52
23
24
27
29
30
32
33
34
35
36
37
39
40
41
42
43
44
45
46
48
50
51
52
9
11
13
15
17
20
21
22
23
24
26
27
29
31
32
34
35
36
37
39
40
42
43
44
45
46
48
50
51
52
23
24
26
27
29
31
32
34
35
36
37
39
40
42
43
44
45
46
48
50
51
52
23
24
26
27
29
31
32
34
35
36
37
39
40
42
43
44
45
46
48
49
50
51
52
23
24
27
29
30
32
33
34
35
36
37
39
40
41
42
43
44
45
46
48
50
51
52
9
11
13
15
17
20
