0
1
3
4
7
9
10
13
14
17
21
23
26
27
28
29
32
33
34
35
36
37
38
40
41
42
43
44
46
49
2
3
4
7
9
10
13
14
16
17
21
23
26
95
96
0
1
3
4
7
9
10
12
13
14
16
17
21
23
26
95
96
0
1
3
4
7
9
10
12
13
14
16
17
21
23
26
95
96
0
1
3
4
7
9
10
12
13
14
16
17
21
23
26
27
28
30
31
95
96
0
1
3
4
7
9
10
13
14
16
17
21
23
26
27
28
30
31
95
96
0
1
3
4
7
9
10
13
14
16
17
21
23
26
27
28
30
31
95
96
0
1
3
4
7
9
10
13
14
16
17
21
23
26
27
28
30
31
95
96
0
1
3
4
7
9
10
13
14
16
17
21
23
26
27
28
30
31
95
96
0
1
3
4
7
9
10
13
14
16
17
21
23
26
27
28
30
31
95
96
0
1
3
4
7
9
10
13
14
16
17
21
23
26
27
28
30
31
95
96
0
1
3
4
7
9
10
13
14
16
17
21
23
26
27
28
30
31
95
96
0
1
3
4
7
9
10
13
14
16
17
21
23
26
27
28
30
31
95
96
0
1
3
4
7
9
10
13
14
16
17
21
23
26
27
28
30
31
95
96
0
1
3
4
7
9
10
13
14
16
17
21
23
26
27
28
30
31
95
96
0
1
3
4
7
9
10
13
14
16
17
21
23
26
27
28
30
31
95
96
0
1
3
4
7
9
10
13
14
16
17
21
23
26
27
28
30
31
95
96
0
1
3
4
7
9
10
13
14
16
17
21
23
26
27
28
30
31
95
96
0
1
3
4
7
9
10
13
14
16
17
21
23
26
27
28
30
31
95
96
0
1
3
4
7
9
10
13
14
16
17
21
23
26
27
28
30
31
95
96
0
1
3
4
7
9
10
13
14
16
17
21
23
26
27
28
30
31
95
96
0
1
3
4
7
9
10
13
14
16
17
21
23
26
27
28
30
31
95
96
0
1
3
4
7
9
10
13
14
16
17
21
23
26
27
28
30
31
95
96
0
1
3
4
7
9
10
13
14
16
17
21
23
26
27
28
30
31
95
96
0
1
3
4
7
9
10
13
14
16
17
21
23
26
27
28
30
31
95
96
0
1
3
4
7
9
10
13
14
16
17
21
23
26
27
28
30
31
95
96
0
1
3
4
7
9
10
13
14
16
17
21
23
26
27
28
30
31
95
96
0
1
3
4
7
9
10
13
14
16
17
21
23
26
27
28
30
31
95
96
0
1
3
4
7
9
10
13
14
16
17
21
23
26
27
28
30
31
95
96
0
1
3
4
7
9
10
13
14
16
17
21
23
26
27
28
30
31
95
96
0
1
3
4
7
9
10
13
14
16
17
21
23
26
27
28
30
31
95
96
0
1
3
4
7
9
10
13
14
16
17
21
23
26
27
28
30
31
95
96
0
1
3
4
7
9
10
13
14
16
17
21
23
26
27
28
30
31
95
96
0
1
3
4
7
9
10
13
14
16
17
21
23
26
27
28
30
31
95
96
0
1
3
4
7
9
10
13
14
16
17
21
23
26
27
28
30
31
95
96
0
1
3
4
7
9
10
13
14
16
17
21
23
26
27
28
30
31
95
96
0
1
3
4
7
9
10
13
14
16
17
21
23
26
27
28
30
31
95
96
0
1
3
4
7
9
10
13
14
16
17
21
23
26
27
28
30
31
95
96
0
1
3
4
7
9
10
13
14
16
17
21
23
26
27
28
30
31
95
96
0
1
3
4
7
9
10
13
14
16
17
21
23
26
27
28
30
31
95
96
0
1
3
4
7
9
10
13
14
16
17
21
23
26
27
28
30
31
95
96
0
1
3
4
7
9
10
13
14
16
17
21
23
26
27
28
30
31
95
96
0
1
3
4
7
9
10
13
14
16
17
21
23
26
27
28
30
31
95
96
0
1
3
4
7
9
10
13
14
16
17
21
23
26
27
28
30
31
95
96
0
1
3
4
7
9
10
13
14
16
17
21
23
26
27
28
30
31
95
96
0
1
3
4
7
9
10
13
14
16
17
21
23
26
27
28
30
31
95
96
0
1
3
4
7
9
10
13
14
16
17
21
23
26
27
28
30
31
95
96
0
1
3
4
7
9
10
13
14
16
17
21
23
26
27
28
30
31
95
96
0
1
3
4
7
9
10
13
14
16
17
21
23
26
27
28
30
31
95
96
0
1
3
4
7
9
10
13
14
16
17
21
23
26
27
28
30
31
95
96
0
1
3
4
7
9
10
13
14
16
17
21
23
26
27
28
30
31
95
96
0
1
3
4
7
9
10
13
14
16
17
21
23
26
27
28
30
31
95
96
0
1
3
4
7
9
10
13
14
16
17
21
23
26
27
28
30
31
95
96
0
1
3
4
7
9
10
13
14
16
17
21
23
26
27
28
30
31
95
96
0
1
3
4
7
9
10
13
14
16
17
21
23
26
27
28
30
31
95
96
0
1
3
4
7
9
10
13
14
16
17
21
23
26
27
28
30
31
95
96
0
1
3
4
7
9
10
13
14
16
17
21
23
26
27
28
30
31
95
96
0
1
3
4
7
9
10
13
14
16
17
21
23
26
27
28
30
31
95
96
0
1
3
4
7
9
10
13
14
16
17
21
23
26
27
28
30
31
95
96
0
1
3
4
7
9
10
13
14
16
17
21
23
26
27
28
30
31
95
96
0
1
3
4
7
9
10
13
14
16
17
21
23
26
27
28
30
31
95
96
0
1
3
4
7
9
10
13
14
16
17
21
23
26
27
28
30
31
95
96
0
1
3
4
7
9
10
13
14
16
17
21
23
26
27
28
30
31
95
96
0
1
3
4
7
9
10
13
14
16
17
21
23
26
27
28
30
31
95
96
0
1
3
4
7
9
10
13
14
16
17
21
23
26
27
28
30
31
95
96
0
1
3
4
7
9
10
13
14
16
17
21
23
26
27
28
30
31
95
96
0
1
3
4
7
9
10
13
14
16
17
21
23
26
27
28
30
31
95
96
0
1
3
4
7
9
10
13
14
16
17
21
23
26
27
28
30
31
95
96
0
1
3
4
7
9
10
13
14
16
17
21
23
26
27
28
30
31
95
96
0
1
3
4
7
9
10
13
14
16
17
21
23
26
27
28
30
31
95
96
0
1
3
4
7
9
10
13
14
16
17
21
23
26
27
28
30
31
95
96
0
1
3
4
7
9
10
13
14
16
17
21
23
26
27
28
30
31
95
96
0
1
3
4
7
9
10
13
14
16
17
21
23
26
27
28
30
31
95
96
0
1
3
4
7
9
10
13
14
16
17
21
23
26
27
28
30
31
95
96
0
1
3
4
7
9
10
13
14
16
17
21
23
26
27
28
30
31
95
96
0
1
3
4
7
9
10
13
14
16
