0
1
2
6
8
10
11
12
13
14
15
1
2
5
6
8
10
11
12
14
16
18
20
22
24
27
28
29
31
32
33
34
36
37
38
42
43
45
47
48
50
51
54
56
57
59
60
61
63
66
67
69
70
71
72
74
75
76
78
80
81
83
85
86
89
90
91
93
94
95
96
97
0
1
2
6
8
10
11
12
13
14
15
1
2
6
8
10
11
12
13
14
15
1
2
6
8
10
11
12
13
14
15
1
2
5
6
8
10
11
12
14
16
18
20
23
24
27
28
29
31
32
33
34
36
37
38
42
43
45
47
48
50
51
54
56
57
59
60
61
63
66
67
69
70
71
72
74
75
76
78
80
81
83
85
86
89
90
91
93
94
95
96
97
0
1
2
5
6
8
10
11
12
13
14
15
1
2
6
8
10
11
12
13
14
15
1
2
6
8
10
11
12
13
14
15
1
2
5
6
8
10
11
12
13
14
15
1
2
5
6
8
10
11
12
14
16
18
20
23
24
27
28
29
31
32
33
34
36
37
38
42
43
45
47
48
50
51
54
56
57
59
60
61
63
66
67
69
70
71
72
74
75
76
78
80
81
83
85
86
89
90
91
92
94
95
97
0
1
2
5
6
8
10
11
12
14
16
18
20
23
24
27
28
29
31
32
33
34
36
37
38
42
43
45
47
48
50
51
54
56
57
59
60
61
62
64
65
56
57
59
60
61
63
66
67
69
70
71
72
74
75
76
78
80
81
83
85
86
89
90
91
93
94
95
96
97
0
1
2
6
8
10
11
12
13
14
15
1
2
5
6
8
10
11
12
14
16
18
20
23
24
27
28
29
31
32
33
34
36
37
38
42
43
45
47
48
50
51
54
56
57
59
60
61
63
66
67
69
70
71
72
74
75
76
78
80
81
83
85
86
89
90
91
92
94
95
97
0
1
2
5
6
8
10
11
12
13
14
15
1
2
6
8
10
11
12
13
14
15
1
2
5
6
8
10
11
12
14
16
18
20
23
24
27
28
29
31
32
33
34
36
37
38
42
43
45
47
48
50
51
54
56
57
59
60
61
63
66
67
69
70
71
72
74
75
76
78
80
81
83
85
86
89
90
91
93
94
95
96
97
0
1
2
5
6
8
10
11
12
14
16
18
20
23
24
27
28
29
31
32
33
34
36
37
38
42
43
45
47
48
50
51
54
56
57
59
60
61
63
66
67
69
70
71
72
74
75
76
78
80
81
83
85
86
89
90
91
92
94
95
97
0
1
2
5
6
8
10
11
12
14
16
18
20
23
24
27
28
29
31
32
33
34
36
37
38
42
43
45
47
48
50
51
54
56
57
59
60
61
63
66
67
69
70
71
72
74
75
76
78
80
81
83
85
86
89
90
91
93
94
95
96
97
0
1
2
5
6
8
10
11
12
14
16
18
20
23
24
27
28
29
31
32
33
34
36
37
38
42
43
45
47
48
50
51
54
56
57
59
60
61
63
66
67
69
70
71
72
74
75
76
78
80
81
83
85
86
89
90
91
93
94
95
96
97
0
1
2
6
8
10
11
12
13
14
15
1
2
6
8
10
11
12
13
14
15
1
2
5
6
8
10
11
12
13
14
15
1
2
6
8
10
11
12
13
14
15
1
2
6
8
10
11
12
13
14
15
1
2
5
6
8
10
11
12
13
14
15
1
2
5
6
8
10
11
12
14
15
1
2
5
6
8
10
11
12
13
14
15
1
2
6
8
10
11
12
13
14
15
1
2
6
8
10
11
12
13
14
15
1
2
5
6
8
10
11
12
14
16
18
20
23
24
27
28
29
31
32
33
34
36
37
38
42
43
45
47
48
50
51
54
56
57
59
60
61
63
66
67
69
70
71
72
74
75
76
78
80
81
83
85
86
89
90
91
93
94
95
96
97
0
1
2
6
8
10
11
12
13
14
15
1
2
5
6
8
10
11
12
13
14
15
1
2
5
6
8
10
11
12
13
14
15
1
2
5
6
8
10
11
12
13
14
15
1
2
6
8
10
11
12
13
14
15
1
2
5
6
8
10
11
12
14
15
1
2
5
6
8
10
11
12
13
14
15
1
2
6
8
10
11
12
13
14
15
1
2
6
8
10
11
12
13
14
15
1
2
6
8
10
11
12
13
14
15
1
2
6
8
10
11
12
13
14
15
1
2
5
6
8
10
11
12
14
16
18
20
23
24
27
28
29
31
32
33
34
36
37
38
42
43
45
47
48
50
51
54
56
57
59
60
61
63
66
67
69
70
71
72
74
75
76
78
80
81
83
85
86
89
90
91
93
94
95
96
97
0
1
2
6
8
10
11
12
13
14
15
1
2
6
8
10
11
12
13
14
15
1
2
6
8
10
11
12
13
14
15
1
2
6
8
10
11
12
13
14
15
1
2
6
8
10
11
12
13
14
15
1
2
6
8
10
11
12
13
14
15
1
2
5
6
8
10
11
12
14
16
18
20
23
24
27
28
29
31
32
33
34
36
37
38
42
43
45
47
48
50
51
54
56
57
59
60
61
63
66
67
69
70
71
72
74
75
76
78
80
81
83
85
86
89
90
91
93
94
95
96
97
0
1
2
5
6
8
10
11
12
13
14
15
1
2
5
6
8
10
11
12
13
14
15
1
2
6
8
10
11
12
13
14
15
1
2
5
6
8
10
11
12
13
14
15
1
2
5
6
8
10
11
12
13
14
15
1
2
6
8
10
11
12
13
14
15
1
2
6
8
10
11
12
13
14
15
1
2
5
6
8
10
11
12
13
14
15
1
2
6
8
10
11
12
13
14
15
1
2
6
8
10
11
12
13
14
15
1
2
5
6
8
10
11
12
14
16
18
20
23
24
27
28
29
31
32
33
34
36
37
38
42
43
45
47
48
50
51
54
56
57
59
60
61
63
66
67
69
70
71
72
74
75
76
78
80
81
83
85
86
89
90
91
93
94
95
96
97
0
1
2
5
6
8
10
11
12
14
16
18
20
23
24
27
28
29
31
32
33
34
36
37
38
42
43
45
47
48
50
51
54
56
57
59
60
61
63
66
67
69
70
71
72
74
75
76
78
80
81
83
85
86
89
90
91
92
94
95
97
0
1
2
5
6
8
10
11
12
14
16
18
20
23
24
27
28
29
31
32
33
34
36
37
38
42
43
45
47
48
50
51
54
56
57
59
60
61
62
64
65
56
57
59
60
61
62
64
65
56
57
59
60
61
63
66
67
69
70
71
72
74
75
76
78
80
81
83
85
86
89
90
91
93
94
95
96
97
0
1
2
5
6
8
10
11
12
14
16
18
20
23
24
27
28
29
31
32
33
34
36
37
38
42
43
45
47
48
50
51
54
56
57
59
60
61
63
66
67
69
70
71
72
74
75
76
78
80
81
83
85
86
89
90
91
93
94
95
96
97
0
1
2
6
8
10
11
12
13
14
15
1
2
5
6
8
10
11
12
13
14
15
1
2
6
8
10
11
12
13
14
15
1
2
6
8
10
11
12
13
14
15
1
2
6
8
10
11
12
13
14
15
1
2
5
6
8
10
11
12
14
16
18
20
23
24
27
28
29
31
32
33
34
36
37
38
42
43
45
47
48
50
51
54
56
57
59
60
61
63
66
67
69
70
71
72
74
75
76
78
80
81
83
85
86
89
90
91
93
94
95
96
97
0
1
2
6
8
10
11
12
13
14
15
1
2
5
6
8
10
11
12
14
16
18
20
23
24
27
28
29
31
32
33
34
36
37
38
42
43
45
47
48
50
51
54
56
57
59
60
61
63
66
67
69
70
71
72
74
75
76
78
80
81
83
85
86
89
90
91
92
94
95
97
0
1
2
5
6
8
10
11
12
14
16
18
20
23
24
27
28
29
31
32
33
34
36
37
38
42
43
45
47
48
50
51
54
56
57
59
60
61
62
63
66
67
68
70
71
72
73
75
76
77
78
79
81
83
85
86
89
90
91
92
94
95
97
0
1
2
5
6
8
10
11
12
14
15
1
2
5
6
8
10
11
12
14
16
18
20
23
24
27
28
29
31
32
33
34
36
37
38
42
43
45
47
48
50
51
54
56
57
59
60
61
62
63
66
67
68
70
71
72
74
75
76
78
80
81
83
85
86
89
90
91
92
94
95
97
0
1
2
5
6
8
10
11
12
13
14
15
1
2
5
6
8
10
11
12
14
16
18
20
23
24
27
28
29
31
32
33
34
36
37
38
42
43
45
47
48
50
51
54
56
57
59
60
61
63
66
67
69
70
71
72
74
75
76
78
80
81
83
85
86
89
90
91
93
94
95
96
97
0
1
2
5
6
8
10
11
12
13
14
15
1
2
5
6
8
10
11
12
13
14
15
1
2
5
6
8
10
11
12
14
15
1
2
5
6
8
10
11
12
13
14
15
1
2
5
6
8
10
11
12
14
15
1
2
5
6
8
10
11
12
14
16
18
20
23
24
27
28
29
31
32
33
34
36
37
38
42
43
45
47
48
50
51
54
56
57
59
60
61
63
66
67
69
70
71
72
74
75
76
78
80
81
83
85
86
89
90
91
92
94
95
97
0
1
2
5
6
8
10
11
12
14
16
18
20
23
24
27
28
29
31
32
33
34
36
37
38
42
43
45
47
48
50
51
54
56
57
59
60
61
63
66
67
69
70
71
72
74
75
76
78
80
81
83
85
86
89
90
91
92
94
95
97
0
1
2
5
6
8
10
11
12
13
14
15
1
2
6
8
10
11
12
13
14
15
1
2
5
6
8
10
11
12
14
16
18
20
23
24
27
28
29
31
32
33
34
36
37
38
42
43
45
47
48
50
51
54
56
57
59
60
61
62
63
66
67
68
70
71
72
74
75
76
78
80
81
83
85
86
89
90
91
92
94
95
97
0
1
2
5
6
8
10
11
12
13
14
15
1
2
6
8
10
11
12
13
14
15
1
2
5
6
8
10
11
12
13
14
15
1
2
5
6
8
10
11
12
14
15
1
2
5
6
8
10
11
12
14
16
18
20
23
24
27
28
29
31
32
33
34
36
37
38
42
43
45
47
48
50
51
54
56
57
59
60
61
62
63
66
67
68
70
71
72
74
75
76
78
80
81
83
85
86
89
90
91
92
94
95
97
0
1
2
5
6
8
10
11
12
14
15
1
2
5
6
8
10
11
12
14
15
1
2
5
6
8
10
11
12
14
16
18
20
23
24
27
28
29
31
32
33
34
36
37
38
42
43
45
47
48
50
51
54
56
57
59
60
61
62
64
65
56
57
59
60
61
62
63
66
67
68
70
71
72
74
75
76
78
80
81
83
85
86
89
90
91
92
94
95
97
0
1
2
5
6
8
10
11
12
14
15
1
2
5
6
8
10
11
12
14
15
1
2
5
6
8
10
11
12
14
16
18
20
23
24
27
28
29
31
32
33
34
36
37
38
42
43
45
47
48
50
51
54
56
57
59
60
61
62
64
65
56
57
59
60
61
62
64
65
56
57
59
60
61
63
66
67
69
70
71
72
74
75
76
78
80
81
83
85
86
89
90
91
92
94
95
97
0
1
2
5
6
8
10
11
12
14
15
1
2
5
6
8
10
11
12
14
15
1
2
5
6
8
10
11
12
14
15
1
2
5
6
8
10
11
12
14
15
1
2
5
6
8
10
11
12
14
15
1
2
5
6
8
10
11
12
14
15
1
2
5
6
8
10
11
12
13
14
15
1
2
5
6
8
10
11
12
14
16
18
20
23
24
27
28
29
31
32
33
34
36
37
38
42
43
45
47
48
50
51
54
56
57
59
60
61
63
66
67
69
70
71
72
74
75
76
78
80
81
83
85
86
89
90
91
92
94
95
97
0
1
2
5
6
8
10
11
12
14
16
18
20
23
24
27
28
29
31
32
33
34
36
37
38
42
43
45
47
48
50
51
54
56
57
59
60
61
62
64
65
56
57
59
60
61
63
66
67
69
70
71
72
74
75
76
78
80
81
83
85
86
89
90
91
92
94
95
97
0
1
2
5
6
8
10
11
12
14
16
18
20
23
24
27
28
29
31
32
33
34
36
37
38
42
43
45
47
48
50
51
54
56
57
59
60
61
62
63
66
67
68
70
71
72
74
75
76
78
80
81
83
85
86
89
90
91
92
94
95
97
0
1
2
5
6
8
10
11
12
14
15
1
2
5
6
8
10
11
12
14
16
18
20
23
24
27
28
29
31
32
33
34
36
37
38
42
43
45
47
48
50
51
54
56
57
59
60
61
63
66
67
69
70
71
72
74
75
76
78
80
81
83
85
86
89
90
91
92
94
95
97
0
1
2
5
6
8
10
11
12
14
16
18
20
23
24
27
28
29
31
32
33
34
36
37
38
42
43
45
47
48
50
51
54
56
57
59
60
61
62
63
66
67
68
70
71
72
74
75
76
78
80
81
83
85
86
89
90
91
92
94
95
97
0
1
2
5
6
8
10
11
12
13
14
15
1
2
5
6
8
10
11
12
13
14
15
1
2
5
6
8
10
11
12
14
16
18
20
23
24
27
28
29
31
32
33
34
36
37
38
42
43
45
47
48
50
51
54
56
57
59
60
61
62
64
65
56
57
59
60
61
63
66
67
69
70
71
72
74
75
76
78
80
81
83
85
86
89
90
91
92
94
95
97
0
1
2
5
6
8
10
11
12
13
14
15
1
2
6
8
10
11
12
13
14
15
1
2
6
8
10
11
12
13
14
15
1
2
5
6
8
10
11
12
14
15
1
2
5
6
8
10
11
12
13
14
15
1
2
5
6
8
10
11
12
14
16
18
20
23
24
27
28
29
31
32
33
34
36
37
38
42
43
45
47
48
50
51
54
56
57
59
60
61
63
66
67
69
70
71
72
74
75
76
78
80
81
83
85
86
89
90
91
92
94
95
97
0
1
2
5
6
8
10
11
12
13
14
15
1
2
5
6
8
10
11
12
14
16
18
20
23
24
27
28
29
31
32
33
34
36
37
38
42
43
45
47
48
50
51
54
56
57
59
60
61
62
64
65
56
57
59
60
61
62
63
66
67
68
70
71
72
74
75
76
78
80
81
83
85
86
89
90
91
92
94
95
97
0
1
2
5
6
8
10
11
12
14
15
1
2
5
6
8
10
11
12
14
16
18
20
23
24
27
28
29
31
32
33
34
36
37
38
42
43
45
47
48
50
51
54
56
57
59
60
61
63
66
67
69
70
71
72
74
75
76
78
80
81
83
85
86
89
90
91
92
94
95
97
0
1
2
5
6
8
10
11
12
14
16
18
20
23
24
27
28
29
31
32
33
34
36
37
38
42
43
45
47
48
50
51
54
56
57
59
60
61
62
64
65
56
57
59
60
61
62
64
65
56
57
59
60
61
63
66
67
69
70
71
72
74
75
76
78
80
81
83
85
86
89
90
91
92
94
95
97
0
1
2
5
6
8
10
11
12
14
16
18
20
23
24
27
28
29
31
32
33
34
36
37
38
42
43
45
47
48
50
51
54
56
57
59
60
61
62
63
66
67
68
70
71
72
73
75
76
77
78
79
81
82
83
84
