0
1
2
3
6
7
9
10
13
14
17
21
23
26
7
9
10
12
13
14
17
21
23
26
27
28
29
32
33
34
37
38
40
41
44
46
49
50
51
52
53
54
56
57
58
59
60
61
62
63
65
66
67
68
69
70
71
69
70
71
69
70
71
69
70
71
69
70
71
69
70
71
69
70
71
69
70
71
69
70
71
69
70
71
69
70
71
69
70
71
69
70
71
69
70
71
69
70
71
69
70
71
69
70
71
69
70
71
69
70
71
69
70
71
69
70
71
69
70
71
69
70
71
69
70
71
69
70
71
69
70
71
69
70
71
69
70
71
69
70
71
69
70
71
69
70
71
69
70
71
69
70
71
69
70
71
69
70
71
69
70
71
69
70
71
69
70
71
69
70
71
69
70
71
69
70
71
69
70
71
69
70
71
69
70
71
69
70
71
69
70
71
69
70
71
69
70
71
69
70
71
69
70
71
69
70
71
69
70
71
69
70
71
69
70
71
69
70
71
69
70
71
69
70
71
69
70
71
69
70
71
69
70
71
69
70
71
69
70
71
69
70
71
69
70
71
69
70
71
69
70
71
69
70
71
69
70
71
69
70
71
69
70
71
69
70
71
69
70
71
69
70
71
69
70
71
69
70
71
69
70
71
69
70
71
69
70
71
69
70
71
69
70
71
69
70
71
69
70
71
69
70
71
69
70
71
69
70
71
69
70
71
69
70
71
69
70
71
69
70
71
69
70
71
69
70
71
69
70
71
69
70
71
69
70
71
69
70
71
69
70
71
69
70
71
69
70
71
69
70
71
69
70
71
69
70
71
69
70
71
69
70
71
69
70
71
69
70
71
69
70
71
69
70
71
69
70
71
69
70
71
69
70
71
69
70
71
69
70
71
69
70
71
69
70
71
69
70
71
69
70
71
69
70
71
69
70
71
69
70
71
69
70
71
69
70
71
69
70
71
69
70
71
69
70
71
69
70
71
69
70
71
69
70
71
69
70
71
69
70
71
69
70
71
69
70
71
69
70
71
69
70
71
69
70
71
69
70
71
69
70
71
69
70
71
69
70
71
69
70
71
69
70
71
69
70
71
69
70
71
69
70
71
69
70
71
69
70
71
69
70
71
69
70
71
69
70
71
69
70
71
69
70
71
69
70
71
69
70
71
69
70
71
69
70
71
69
70
71
69
70
71
69
70
71
69
70
71
69
70
71
69
70
71
69
70
71
69
70
71
69
70
71
69
70
71
69
70
71
69
70
71
69
70
71
69
70
71
69
70
71
69
70
71
69
70
71
69
70
71
69
70
71
69
70
71
69
70
71
69
70
71
69
70
71
69
70
71
69
70
71
69
70
71
69
70
71
69
70
71
69
70
71
69
70
71
69
70
71
69
70
71
69
70
71
69
70
71
69
70
71
69
70
71
69
70
71
69
70
71
69
70
71
69
70
71
69
70
71
69
70
71
69
70
71
69
70
71
69
70
71
69
70
71
69
70
71
69
70
71
69
70
71
69
70
71
69
70
71
69
70
71
69
70
71
69
70
71
69
70
71
69
70
71
69
70
71
69
70
71
69
70
71
69
70
71
69
70
71
69
70
71
69
70
71
69
70
71
69
70
71
69
70
71
69
70
71
69
70
71
69
70
71
69
70
71
69
70
71
69
70
71
69
70
71
69
70
71
69
70
71
69
70
71
69
70
71
69
70
71
69
70
71
69
70
71
69
70
71
69
70
71
69
70
71
69
70
71
69
70
71
69
70
71
69
70
71
69
70
71
69
70
71
69
70
71
69
70
71
69
70
71
69
70
71
69
70
71
69
70
71
69
70
71
69
70
71
69
70
71
69
70
71
69
70
71
69
70
71
69
70
71
69
70
71
69
70
71
69
70
71
69
70
71
69
70
71
69
70
71
69
70
71
69
70
71
69
70
71
69
70
71
69
70
71
69
70
71
69
70
71
69
70
71
69
70
71
69
70
71
69
70
71
69
70
71
69
70
71
69
70
71
69
70
71
69
70
71
69
70
71
69
70
71
69
70
71
69
70
71
69
70
71
69
70
71
69
70
71
69
70
71
69
70
71
69
70
71
69
70
71
69
70
71
69
70
71
69
70
71
69
70
71
69
70
71
69
70
71
69
70
71
69
70
71
69
70
71
69
70
71
69
70
71
69
70
71
69
70
71
69
70
71
69
70
71
69
70
71
69
70
71
69
70
71
69
70
71
69
70
71
69
70
71
69
70
71
69
70
71
69
70
71
69
70
71
69
70
71
69
70
71
69
70
71
69
70
71
69
70
71
69
70
71
69
70
71
69
70
71
69
70
71
69
70
71
69
70
71
69
70
71
69
70
71
69
70
71
69
70
71
69
70
71
69
70
71
69
70
71
69
70
71
69
70
71
69
70
71
69
70
71
69
70
71
69
70
71
69
70
71
69
70
71
69
70
71
69
70
71
69
70
71
69
70
71
69
70
71
69
70
71
69
70
71
69
70
71
69
70
71
69
70
71
69
70
71
69
70
71
69
70
71
69
70
71
69
70
71
69
70
71
69
70
71
69
70
71
69
70
71
69
70
71
69
70
71
69
70
71
69
70
71
69
70
71
69
70
71
69
70
71
69
70
71
69
70
71
69
70
71
69
70
71
69
70
71
69
70
71
69
70
71
69
70
71
69
70
71
69
70
71
69
70
71
69
70
71
69
70
71
69
70
71
69
70
71
69
70
71
69
70
71
69
70
71
69
70
71
69
70
71
69
70
71
69
70
71
69
70
71
69
70
71
69
70
71
69
70
71
69
70
71
69
70
71
69
70
71
69
70
71
69
70
71
69
70
71
69
70
71
69
70
71
69
70
71
69
70
71
69
70
71
69
70
71
69
70
71
69
70
71
69
70
71
69
70
71
69
70
71
69
70
71
69
70
71
69
70
71
69
70
71
69
70
71
69
70
71
69
70
71
69
70
71
69
70
71
69
70
71
69
70
71
69
70
71
69
70
71
69
70
71
69
70
71
69
70
71
69
70
71
69
70
71
69
70
71
69
70
71
69
70
71
69
70
71
69
70
71
69
70
71
69
70
71
69
70
71
69
70
71
69
70
71
69
70
71
69
70
71
69
70
71
69
70
71
69
70
71
69
70
71
69
70
71
69
70
71
69
70
71
69
70
71
69
70
71
69
70
71
69
70
71
69
70
71
69
70
71
69
70
71
69
70
71
69
70
71
69
70
71
69
70
71
69
70
71
69
70
71
69
70
71
69
70
71
69
70
71
69
70
71
69
70
71
69
70
71
69
70
71
69
70
71
69
70
71
69
70
71
69
70
71
69
70
71
69
70
71
69
70
71
69
70
71
69
70
71
69
70
71
69
70
71
69
70
71
69
70
71
69
70
71
69
70
71
69
70
71
69
70
